,Ausstattung Median,Gesamtnote Median,Hotelpersonal Median,Komfort Median,Lage Median,Land,Preis/Leistung Median,Sauberkeit Median
0,8.4,8.7,8.9,8.5,8.9,Österreich,8.2,9.0
1,8.3,8.7,9.0,8.4,9.0,Schweiz,8.0,9.1
2,8.4,8.7,9.0,8.6,8.9,Kroatien,8.2,9.0
3,8.2,8.4,8.7,8.2,8.6,Deutschland,8.1,8.8
4,8.0,8.3,8.6,8.3,8.5,Mauritius,7.9,8.3
5,7.8,8.2,8.5,7.9,8.7,Malta,7.9,8.350000000000001
6,8.1,8.3,8.7,8.1,8.8,Niederlande,7.8,8.5
7,7.6,8.0,8.3,7.8,8.4,Singapur,7.45,8.2
8,8.4,8.6,8.9,8.6,8.8,Island,7.9,9.0
9,8.4,8.7,8.9,8.6,8.9,Italien,8.3,9.0
10,8.1,8.3,8.5,8.3,8.3,Thailand,8.1,8.5
11,8.3,8.6,8.9,8.6,8.6,Sri Lanka,8.2,8.7
12,7.7,8.1,8.5,7.7,8.6,Dänemark,7.7,8.3
13,8.7,8.9,8.8,9.1,9.1,Monaco,8.0,9.2
14,8.149999999999999,8.25,8.7,8.5,8.55,Seychellen,7.6,8.6
15,7.9,8.3,8.6,8.1,8.6,Zypern,8.1,8.4
16,8.0,8.3,8.7,8.2,8.6,Frankreich,7.9,8.6
17,8.4,8.7,8.8,8.5,9.0,Tschechische Republik,8.4,8.9
18,8.5,8.8,9.0,8.6,9.0,Polen,8.5,9.1
19,8.3,8.6,8.9,8.5,8.8,Costa Rica,8.2,8.8
20,8.3,8.6,8.8,8.5,8.8,Portugal,8.2,8.9
21,8.4,8.6,8.9,8.6,8.9,Irland,8.1,8.8
22,7.9,8.3,8.7,8.1,8.8,Schweden,7.9,8.5
23,8.8,9.1,9.4,8.9,9.1,Griechenland,8.8,9.3
24,8.4,8.6,8.9,8.5,8.8,Slowenien,8.3,8.9
25,8.3,8.6,8.8,8.5,9.0,Chile,8.1,8.9
26,7.3,7.7,8.0,7.7,7.8,Oman,7.4,7.8
27,7.7,8.1,8.4,8.149999999999999,8.2,Bahamas,7.35,8.149999999999999
28,8.3,8.6,8.7,8.5,8.9,Mexiko,8.2,8.8
29,8.7,8.7,9.2,8.8,8.8,Liechtenstein,8.0,9.4
30,7.8,8.3,8.6,8.05,8.7,Norwegen,7.8,8.5
31,7.9,8.3,8.6,8.1,8.6,Belgien,7.9,8.4
32,8.3,8.5,8.7,8.6,8.7,USA,8.0,8.7
33,8.3,8.5,8.8,8.6,8.9,Neuseeland,8.1,8.8
34,7.9,8.2,8.6,7.9,8.6,Finnland,7.7,8.350000000000001
35,7.15,7.6,8.0,7.6,8.0,Ägypten,7.1,7.6
36,8.4,8.6,8.9,8.6,8.7,Vietnam,8.5,8.7
37,,,,,,Kuba,,
38,8.3,8.6,8.8,8.5,8.7,Rumänien,8.3,8.8
39,8.6,8.8,9.2,8.6,8.6,Aruba,8.6,8.9
40,7.45,7.75,8.350000000000001,7.75,8.55,Martinique,7.300000000000001,8.0
41,7.9,8.1,8.3,8.2,8.2,Indien,7.8,8.3
42,8.3,8.5,8.7,8.5,8.55,Namibia,8.3,8.8
43,8.2,8.4,8.6,8.4,8.7,Südafrika,8.1,8.6
44,8.4,8.5,8.8,8.4,8.8,Spanien,8.1,8.7
45,7.4,7.9,8.4,7.7,8.4,Réunion,7.5,8.2
46,8.5,8.8,9.1,8.7,8.8,Montenegro,8.5,9.0
47,8.0,8.4,8.9,8.5,8.8,Barbados,7.9,8.7
48,7.5,8.0,8.350000000000001,7.9,8.3,Guadeloupe,7.2,8.149999999999999
49,8.3,8.7,9.0,8.5,8.8,Albanien,8.7,8.9
50,7.0,7.699999999999999,8.350000000000001,7.35,8.1,Gambia,7.3,7.800000000000001
51,8.2,8.35,8.9,8.3,8.3,Malediven,7.800000000000001,8.7
52,8.0,8.3,8.5,8.2,8.7,Panama,8.0,8.5
53,7.85,8.149999999999999,8.5,7.9,8.899999999999999,Färöer Inseln,7.6,8.5
54,7.4,7.8,8.3,7.7,8.2,Marokko,7.5,7.9
55,8.2,8.5,8.8,8.4,8.8,Ungarn,8.2,8.6
56,7.4,7.8,8.4,7.7,8.2,Jamaika,7.5,8.1
57,8.5,8.7,8.9,8.7,9.0,Australien,8.3,8.8
58,8.5,8.6,8.7,8.7,8.4,Japan,8.2,8.9
59,8.2,8.5,8.7,8.5,8.7,Kanada,7.9,8.7
60,7.9,8.3,8.6,8.0,8.6,Andorra,8.0,8.5
61,7.6,8.2,8.5,8.2,8.7,Neukaledonien,7.7,8.3
62,7.9,8.2,8.5,8.1,8.8,Israel,7.7,8.2
63,7.8,8.0,8.2,8.0,8.4,Hongkong,7.5,8.3
64,7.8,8.2,8.6,8.0,8.3,Madagaskar,8.2,8.4
65,8.3,8.55,8.9,8.5,8.4,Kambodscha,8.5,8.6
66,8.4,8.7,8.9,8.6,9.0,Kolumbien,8.3,8.9
67,8.5,8.9,9.2,8.8,9.0,Bosnien und Herzegovina,8.7,9.1
68,8.2,8.5,8.6,8.4,8.7,Bulgarien,8.4,8.6
69,8.3,8.6,8.75,8.5,8.9,Türkei,8.3,8.7
70,8.4,8.649999999999999,9.149999999999999,8.8,8.75,St. Lucia,8.3,8.850000000000001
71,8.3,8.5,8.6,8.4,8.9,Brasilien,8.1,8.6
72,7.4,7.7,8.0,7.8,8.0,Bahrain,7.1,7.8
73,8.1,8.5,8.8,8.2,9.3,San Marino,8.2,8.6
74,7.5,7.8,8.3,7.7,8.0,Kenia,7.6,8.0
75,8.1,8.4,9.0,8.3,8.8,Curaçao,8.3,8.4
76,9.0,8.9,9.1,9.3,9.1,Bermuda,7.800000000000001,9.3
77,8.0,8.3,8.7,8.1,8.3,Luxemburg,8.0,8.8
78,7.9,8.3,8.75,8.0,8.649999999999999,Kap Verde,7.9,8.649999999999999
79,7.9,8.2,8.4,8.0,8.3,Kasachstan,8.1,8.3
80,7.6,8.0,8.4,7.9,8.1,Philippinen,7.8,8.1
81,7.5,7.9,8.0,7.8,8.1,Malaysia,7.8,7.9
82,7.4,7.7,8.3,7.6,7.8,Fidschi,7.2,7.8
83,7.9,8.2,8.8,8.1,8.1,Myanmar,8.0,8.3
84,8.149999999999999,8.45,8.9,8.45,8.5,Kaimaninseln,7.949999999999999,8.75
85,7.4,7.9,8.5,7.7,8.350000000000001,Jordanien,7.7,7.7
86,8.3,8.6,8.8,8.4,8.7,Peru,8.2,8.8
87,8.2,8.4,8.7,8.3,8.9,Argentinien,7.9,8.7
88,7.9,8.2,9.1,8.2,8.4,Palau,7.9,8.5
89,7.9,8.6,9.1,8.1,8.6,Grenada,8.1,8.8
90,8.0,8.4,8.8,8.3,8.8,Nepal,8.3,8.4
91,8.6,8.8,9.1,8.7,9.0,Georgien,8.7,9.0
92,8.4,8.6,8.9,8.4,9.0,Litauen,8.3,8.8
93,8.3,8.5,8.7,8.4,8.7,Grossbritannien,8.0,8.7
94,7.9,8.2,8.6,8.0,8.5,Dominikanische Republik,8.0,8.3
95,8.1,8.2,8.7,8.5,8.7,Cookinseln,7.7,8.4
96,8.1,8.5,9.0,8.6,8.6,Tonga,8.3,8.5
97,7.25,7.5,7.85,7.7,7.6,Lesotho,6.949999999999999,7.8
98,8.1,8.3,8.4,8.3,8.3,Südkorea,8.0,8.4
99,7.5,7.7,8.1,7.8,8.05,Ghana,7.25,8.0
100,8.3,8.5,8.9,8.4,8.6,Usbekistan,8.350000000000001,8.8
101,8.2,8.4,8.9,8.3,8.6,Belize,8.0,8.8
102,8.2,8.3,8.6,8.2,8.5,Taiwan,7.9,8.4
103,8.2,8.4,8.5,8.45,8.3,Katar,8.149999999999999,8.5
104,8.1,8.4,8.8,8.3,8.8,Puerto Rico,7.9,8.5
105,8.0,8.2,8.5,8.2,8.3,Indonesien,8.0,8.2
106,7.8,8.3,8.6,8.1,8.4,Laos,7.9,8.4
107,8.0,8.3,8.75,8.05,8.55,Samoa,7.95,8.3
108,8.3,8.3,8.4,8.5,8.5,China,7.9,8.6
109,8.0,8.4,8.5,8.3,8.4,St. Maarten,7.8,8.5
110,7.85,8.1,7.85,7.9,8.35,Mayotte,7.4,8.45
111,8.3,8.6,8.8,8.5,8.7,Slowakei,8.2,8.9
112,7.9,8.3,8.45,8.2,8.4,Bhutan,8.0,8.55
113,7.8,8.1,8.5,8.0,8.3,Tansania,7.8,8.4
114,8.2,8.2,8.6,8.3,8.7,Grönland,7.9,8.6
115,8.3,8.5,8.8,8.4,8.7,Ecuador,8.1,8.8
116,8.2,8.5,8.9,8.2,8.9,Uruguay,8.1,8.7
117,7.7,8.05,8.45,8.2,8.1,Papua-Neuguinea,7.5,8.2
118,7.7,8.0,8.3,8.1,8.4,Brunei Darussalam,7.7,8.1
119,8.4,8.8,9.1,8.7,8.8,Serbien,8.6,8.9
120,7.55,8.0,8.4,7.9,7.9,Äthiopien,7.7,8.3
121,8.8,9.1,9.1,9.2,9.0,St. Martin,8.6,9.2
122,7.0,7.5,7.7,7.2,7.7,Guam,7.5,7.1
123,8.9,9.0,9.0,9.1,9.4,Turks- & Caicosinseln,8.4,9.2
124,7.2,7.7,8.0,7.8,8.2,Swasiland,7.2,7.9
125,8.5,8.7,8.9,8.5,8.9,Russland,8.5,8.9
126,8.3,8.5,8.8,8.5,8.4,Moldawien,8.4,8.9
127,7.1,7.7,8.1,7.5,7.9,Uganda,7.5,8.0
128,7.9,8.2,8.6,8.25,8.6,Libanon,7.8,8.4
129,7.6,7.8,8.0,7.8,8.1,Haiti,7.2,8.2
130,8.0,8.4,8.7,8.149999999999999,9.0,Estland,8.2,8.6
131,7.949999999999999,8.3,8.9,8.3,8.399999999999999,Dominica,7.8,9.05
132,7.7,8.1,8.3,8.0,8.5,Bolivien,7.8,8.2
133,8.2,8.7,9.1,8.8,9.0,St. Vincent & Grenadinen,8.3,9.1
134,8.3,8.6,8.9,8.3,8.8,Lettland,8.4,8.8
135,7.15,7.45,7.75,7.25,8.2,Guinea-Bissau,6.55,7.800000000000001
136,8.8,8.9,8.8,9.0,9.6,Anguilla,7.9,9.3
137,7.8,8.1,8.5,8.0,8.5,Trinidad und Tobago,7.6,8.2
138,7.5,7.9,8.4,7.7,8.1,Senegal,7.5,8.1
139,8.3,8.6,8.8,8.4,8.7,Paraguay,8.3,8.8
140,6.9,7.3,7.5,7.3,7.75,Pakistan,6.8,7.2
141,6.5,7.0,8.0,6.9,7.2,Dschibuti,5.8,7.4
142,7.35,8.0,8.6,7.85,8.3,Ruanda,7.7,8.3
143,8.5,8.7,8.9,8.6,8.7,Ukraine,8.5,9.0
144,9.0,9.0,9.2,9.0,9.0,Niue,9.0,8.5
145,7.4,7.8,8.0,7.9,7.9,Mosambik,7.5,8.1
146,8.1,8.5,8.9,8.4,8.75,Mazedonien,8.4,8.5
147,7.0,7.4,8.0,7.3,7.8,Benin,7.1,7.8
148,7.2,7.6,7.9,7.7,8.0,Nigeria,7.2,7.6
149,7.4,7.8,7.9,7.9,8.2,Französisch-Guayana,7.3,8.1
150,8.2,8.5,8.8,8.4,8.7,Nicaragua,8.2,8.7
151,7.55,7.7,7.95,7.7,7.949999999999999,Guinea,7.05,8.1
152,7.8,8.5,8.7,8.2,8.8,Französisch-Polynesien,7.5,8.7
153,7.7,7.9,8.2,7.85,8.0,Botswana,7.4,8.1
154,6.65,7.3500000000000005,8.5,7.25,8.25,Mikronesien,6.7,6.8
155,7.8,8.1,8.5,8.149999999999999,8.2,Irak,7.6,8.2
156,7.2,7.4,7.6,7.6,7.9,Gabun,6.9,7.7
157,7.15,7.6,8.0,7.5,7.6,Elfenbeinküste,7.2,7.9
158,6.75,7.1,7.8,6.9,7.85,Burkina Faso,6.9,7.45
159,7.5,7.9,8.2,7.7,8.3,Suriname,7.6,8.0
160,7.25,7.55,7.4,7.55,8.25,Angola,6.7,7.9
161,7.0,7.4,7.7,7.3,7.7,Algerien,6.9,7.6
162,7.65,8.100000000000001,8.8,7.75,8.4,Vanuatu,7.65,8.2
163,8.4,8.4,8.55,8.6,8.350000000000001,Macao,8.0,8.7
164,6.4,6.8,7.3,6.7,7.4,Bangladesch,6.2,6.7
165,8.6,8.850000000000001,9.2,8.6,8.8,Armenien,8.7,9.0
166,6.5,7.0,8.0,6.8,7.8,Salomonen,5.9,7.0
167,8.1,8.4,8.6,8.3,8.6,Honduras,8.0,8.7
168,6.45,7.05,7.5,6.9,7.5,Kamerun,6.8,7.3
169,,,,,,Krim,,
170,8.2,8.5,9.0,8.4,8.6,Kosovo,8.4,8.8
171,8.1,8.3,8.4,8.2,8.3,Venezuela,7.6,8.5
172,7.9,8.2,8.6,8.0,8.4,Aserbaidschan,8.1,8.3
173,7.5,8.0,8.4,8.0,8.2,Sambia,7.2,8.3
174,7.5,7.4,7.9,7.1,7.9,Togo,7.5,7.9
175,7.45,7.8,8.2,7.7,8.149999999999999,Malawi,7.3,8.149999999999999
176,7.9,8.2,8.6,8.05,8.350000000000001,Burundi,7.65,8.4
177,6.9,7.2,7.8,7.2,7.5,Kuwait,6.6,7.4
178,7.6,7.9,8.2,8.0,8.2,Saudi-Arabien,7.6,8.1
179,7.8,8.1,8.3,8.1,8.0,Mongolei,8.0,8.3
180,7.2,7.4,7.5,7.5,7.8,Libyen,7.2,7.2
181,7.5,7.9,8.4,8.0,7.9,Guyana,7.4,8.1
182,7.7,7.800000000000001,8.1,7.949999999999999,7.9,Tschad,7.0,8.2
183,7.6,7.9,8.1,7.9,8.0,Vereinigte Arabische Emirate,7.5,7.9
184,8.4,8.7,9.0,8.6,8.4,Kirgisistan,8.5,8.9
185,7.65,7.949999999999999,7.949999999999999,8.05,8.05,Äquatorialguinea,6.9,8.7
186,8.3,8.7,9.0,8.4,8.8,Weissrussland,8.6,8.9
187,8.2,8.2,8.6,8.6,8.8,Jungferninseln,7.5,8.2
188,6.9,7.3,7.6,7.2,7.8,Tunesien,7.0,7.4
189,7.7,8.0,8.4,8.0,8.2,Palästina,7.5,8.0
190,7.9,8.4,8.6,8.3,8.8,Nördliche Marianen,8.0,8.2
191,7.0,7.45,7.65,7.35,7.85,Mali,6.8,7.7
192,7.4,7.75,8.2,7.9,8.1,Mauretanien,7.1,8.0
193,8.1,8.350000000000001,8.7,8.2,8.6,Guatemala,8.0,8.6
194,7.9,8.0,8.3,8.4,8.8,Gibraltar,7.1,8.3
